RPG,Action,Racing,Adventure,Strategy,Indie,Free to Play,Simulation,Casual,Sports,Massively Multiplayer,Early Access
100,0,0,0,0,0,0,2,0,0,0,0,8
0,100,91,76,90,92,89,38,81,83,74,31,34
0,91,100,85,94,90,91,38,83,88,83,28,35
0,76,85,100,86,84,81,33,88,89,92,31,45
0,90,94,86,100,89,94,32,84,93,85,23,36
0,92,90,84,89,100,90,35,92,88,81,27,37
0,89,91,81,94,90,100,36,79,92,81,19,32
2,38,38,33,32,35,36,100,30,31,35,57,17
0,81,83,88,84,92,79,30,100,86,83,33,46
0,83,88,89,93,88,92,31,86,100,89,24,39
0,74,83,92,85,81,81,35,83,89,100,26,41
0,31,28,31,23,27,19,57,33,24,26,100,16
8,34,35,45,36,37,32,17,46,39,41,16,100
